90 271
77 307
27 368
27 442
89 507
123 532
141 366
141 406
219 185
264 184
207 303
206 546
228 577
251 595
329 248
364 243
336 354
374 441
336 590
394 201
440 203
441 322
502 273
558 269
501 436
464 579
500 597
535 581
610 320
583 408
630 407
683 240
759 425
757 531
654 626
654 662
686 676
733 658
858 161
860 499
971 86
1025 88
1079 85
964 422
946 703
1003 699
1031 655
898 385
984 318
928 261
124 310
57 403
122 471
179 430
246 233
246 326
246 437
246 517
311 302
312 545
409 267
409 366
409 470
529 297
527 404
480 547
610 362
721 261
721 382
721 499
719 617
861 218
812 304
859 383
931 304
858 549
962 355
927 467
970 646
1006 130
